   h    k    l      d (Å)      F(real)      F(imag)          |F|         2θ          I    M ID(λ) Phase
   1    0    1   2.980385    66.512451     5.531018       66.742   11.55414  100.00000    8     1     1
   0    0    2   2.610850    44.707498     5.492681      45.0436   13.19630    8.69832    2     1     1
   1    1    0   2.566585    41.278138     5.486654      41.6412   13.42493   14.35801    4     1     1
   1    0    2   2.119496    -0.008373    10.131963       10.132   16.27430    1.14841    8     1     1
   1    1    2   1.830299    69.955677     5.412443      70.1647   18.86756   40.65530    8     1     1
   2    0    0   1.814850    72.082444     5.411178      72.2853   19.02966   21.19777    4     1     1
   2    0    1   1.714262     0.000000    -0.000000 2.01862e-007   20.15760    0.00000    8     1     1
   1    0    3   1.569446    51.082498     5.324023      51.3592   22.03984   15.78883    8     1     1
   2    1    1   1.550080    50.715501     5.316963      50.9935   22.31871   30.32490   16     1     1
   2    0    2   1.490193    37.963502     5.280251       38.329   23.22788    7.88145    8     1     1
   2    1    2   1.378535     0.007964    -6.431597       6.4316   25.13884    0.37602   16     1     1
   0    0    4   1.305425    50.722445     5.207204       50.989   26.57180    2.62811    2     1     1
   2    2    0   1.283293    56.191738     5.201601       56.432   27.03869    6.20519    4     1     1
   2    0    3   1.256207    -0.000000     0.000001 7.49319e-007   27.63313    0.00000    8     1     1
   1    0    4   1.228395     0.013283    -9.423843      9.42385   28.27163    0.31482    8     1     1
   2    1    3   1.187121    42.541911     5.117980      42.8487   29.27613   12.08272   16     1     1
   3    0    1   1.178673    42.318587     5.111193      42.6261   29.49069    5.88616    8     1     1
   1    1    4   1.163567    37.443255     5.092003      37.7879   29.88244    4.49695    8     1     1
   2    2    2   1.151691    33.331032     5.076035      33.7153   30.19788    3.50020    8     1     1
   3    1    0   1.147812    31.846286     5.070512      32.2474   30.30237    3.17841    8     1     1
   3    1    1   1.121047    -0.000000     0.000000 2.05185e-015   31.04382    0.00000   16     1     1
   3    0    2   1.097756    -0.007575     4.728804      4.72881   31.71965    0.06195    8     1     1
   2    0    4   1.059748    42.899589     5.005611      43.1906   32.88897    4.77856    8     1     1
   3    1    2   1.050752    45.972669     5.001356      46.2439   33.17864   10.74978   16     1     1
   2    1    4   1.017276    -0.012634     7.247053      7.24706   34.30370    0.24554   16     1     1
   1    0    5   1.003624    37.250718     4.932985      37.5759   34.78509    3.20180    8     1     1
   3    0    3   0.993462    36.926637     4.919910      37.2529   35.15246    3.07560    8     1     1
   3    2    1   0.988495    36.766847     4.913386      37.0937   35.33489    6.03008   16     1     1
   3    1    3   0.958218     0.000000     0.000000 3.72959e-015   36.49003    0.00000   16     1     1
   3    2    2   0.939292    -0.007205     3.796275      3.79628   37.25201    0.05624   16     1     1
   2    2    4   0.915150    37.481524     4.811824      37.7891   38.27245    2.62514    8     1     1
   4    0    0   0.907425    40.944612     4.806487      41.2258   38.61110    1.53201    4     1     1
   2    0    5   0.905172    -0.000000     0.000001 1.26772e-006   38.71102    0.00000    8     1     1
   4    0    1   0.894026     0.000000    -0.000000 8.61357e-008   39.21328    0.00000    8     1     1
   3    0    4   0.887379     0.012017    -5.979881      5.97989   39.51916    0.06123    8     1     1
   2    1    5   0.878274    32.952129     4.742074      33.2916   39.94621    3.70592   16     1     1
   3    2    3   0.871439    32.696372     4.729506      33.0367   40.27302    3.58381   16     1     1
   0    0    6   0.870283    33.153373     4.728379      33.4889   40.32884    0.45891    2     1     1
   4    1    1   0.868081    32.569784     4.723234      32.9105   40.43560    3.52472   16     1     1
   3    1    4   0.861993    29.403598     4.705631      29.7778   40.73382    2.83876   16     1     1
   4    0    2   0.857131    26.694835     4.690988      27.1039   40.97523    1.16052    8     1     1
   3    3    0   0.855528    25.709062     4.685926      26.1326   41.05543    0.53707    4     1     1
   1    0    6   0.846297    -0.013178     6.268014      6.26803   41.52382    0.06025    8     1     1
   4    1    2   0.834188     0.006853    -3.216334      3.21634   42.15511    0.03067   16     1     1
   1    1    6   0.824191    30.391793     4.633976       30.743   42.69129    1.36213    8     1     1
   3    3    2   0.812993    35.471931     4.621497      35.7717   43.30874    1.78568    8     1     1
   4    2    0   0.811626    36.276159     4.620334      36.5692   43.38542    1.85878    8     1     1
   4    0    3   0.804641    -0.000000     0.000001 8.05368e-007   43.78137    0.00000    8     1     1
   4    2    1   0.801996     0.000000     0.000000 1.92661e-015   43.93331    0.00000   16     1     1
   3    2    4   0.797187     0.011430    -5.153220      5.15323   44.21224    0.07075   16     1     1
   3    0    5   0.790566    29.461980     4.558553      29.8126   44.60233    1.16078    8     1     1
   4    1    3   0.785570    29.248433     4.546470      29.5997   44.90139    2.25428   16     1     1
   2    0    6   0.784723    29.645714     4.545377      29.9921   44.95251    1.15426    8     1     1
   4    2    2   0.775040    24.044237     4.509559      24.4635   45.54546    1.49109   16     1     1
   3    1    5   0.772456     0.000000    -0.000001 1.01738e-006   45.70643    0.00000   16     1     1
   2    1    6   0.767003     0.012534    -5.471459      5.47147   46.05002    0.07275   16     1     1
   4    0    4   0.745096    29.852542     4.446468      30.1819   47.48571    1.03253    8     1     1
   4    2    3   0.735585    -0.000000     0.000000 3.55866e-007   48.13828    0.00000   16     1     1
   1    0    7   0.730686    26.783955     4.399613      27.1429   48.48168    0.79662    8     1     1
   4    1    4   0.729877    -0.010871     4.563710      4.56372   48.53889    0.04492   16     1     1
   3    2    5   0.724785    26.505459     4.382133      26.8653   48.90212    1.53048   16     1     1
   2    2    6   0.720275    26.676138     4.369457      27.0316   49.22861    0.76311    8     1     1
   4    3    1   0.719025    26.230972     4.364723      26.5916   49.31989    1.47074   16     1     1
   5    0    1   0.719025    26.230972     4.364723      26.5916   49.31989    0.73537    8     1     1
   3    3    4   0.715553    23.794659     4.348574      24.1888   49.57523    0.60137    8     1     1
   5    1    0   0.711843    20.933759     4.330505       21.377   49.85125    0.46379    8     1     1
   3    0    6   0.706499    -0.011922     4.885571      4.88559   50.25440    0.02378    8     1     1
   5    1    1   0.705319     0.000000     0.000000 1.66533e-015   50.34430    0.00000   16     1     1
   5    0    2   0.699408    -0.006199     2.522096       2.5221   50.79992    0.00618    8     1     1
   4    3    2   0.699408     0.006199    -2.522095       2.5221   50.79992    0.01237   16     1     1
   3    1    6   0.693484    24.616416     4.282259      24.9861   51.26514    1.18904   16     1     1
   2    0    7   0.689949     0.000000    -0.000001 8.33644e-007   51.54704    0.00000    8     1     1
   4    2    4   0.689267    26.925758     4.274329      27.2629   51.60174    1.39467   16     1     1
   5    1    2   0.686774    28.663653     4.270493        28.98   51.80295    1.56197   16     1     1
   4    0    5   0.684974    -0.000000     0.000001 8.61784e-007   51.94921    0.00000    8     1     1
   2    1    7   0.677812    24.189698     4.229345      24.5566   52.53986    1.08603   16     1     1
   4    1    5   0.673094    23.947210     4.212541      24.3149   52.93668    1.04666   16     1     1
   4    3    3   0.670002    23.787351     4.201376      24.1555   53.20008    1.02137   16     1     1
   5    0    3   0.670002    23.787350     4.201376      24.1555   53.20008    0.51068    8     1     1
   5    2    1   0.668472    23.707955     4.195805      24.0764   53.33144    1.00900   16     1     1
   5    1    3   0.658871     0.000000    -0.000000 3.05318e-007   54.17158    0.00000   16     1     1
   3    2    6   0.658371    -0.011339     4.426899      4.42691   54.21609    0.03286   16     1     1
   0    0    8   0.652713    20.309869     4.129952      20.7255   54.72523    0.08813    2     1     1
   5    2    2   0.652622    -0.005896     2.288835      2.28884   54.73350    0.00860   16     1     1
   1    0    8   0.642408     0.009043    -3.474968      3.47498   55.67853    0.00953    8     1     1
   4    4    0   0.641646    26.564967     4.104034      26.8801   55.75040    0.28425    4     1     1
   4    2    5   0.640848     0.000000     0.000000 3.33807e-015   55.82589    0.00000   16     1     1
   3    0    7   0.634972    21.921657     4.065666      22.2955   56.38846    0.38115    8     1     1
   4    3    4   0.634440    -0.009835     3.749819      3.74983   56.43990    0.02152   16     1     1
   5    0    4   0.634440     0.009835    -3.749819      3.74983   56.43990    0.01076    8     1     1
   1    1    8   0.632577    24.246793     4.062189      24.5847   56.62111    0.45913    8     1     1
   5    2    3   0.628538    21.568285     4.038780      21.9432   57.01822    0.72005   16     1     1
   4    0    6   0.628103    21.862163     4.037781      22.2319   57.06124    0.36893    8     1     1
   3    1    7   0.625473    -0.000000     0.000001   7.253e-007   57.32339    0.00000   16     1     1
   5    1    4   0.624965    19.495493     4.018608      19.9054   57.37429    0.58424   16     1     1
   4    4    2   0.623105    17.768148     4.006291      18.2142   57.56159    0.24280    8     1     1
   5    3    0   0.622488    17.136602     4.002037      17.5977   57.62393    0.22609    8     1     1
   4    1    6   0.618905     0.010785    -4.050074      4.05009   57.98916    0.02361   16     1     1
   5    3    1   0.618112    -0.000000     0.000000 1.54068e-015   58.07070    0.00000   16     1     1
   2    0    8   0.614197    18.416374     3.970187      18.8395   58.47651    0.25067    8     1     1
   3    3    6   0.610100    20.233298     3.957237      20.6166   58.90777    0.29528    8     1     1
   2    1    8   0.605588    -0.008601     3.187905      3.18792   59.39041    0.01386   16     1     1
   5    3    2   0.605516    23.632053     3.946152      23.9593   59.39825    0.78285   16     1     1
   6    0    0   0.604950    24.172561     3.945092      24.4924   59.45939    0.20405    4     1     1
   6    0    1   0.600931     0.000000    -0.000000 4.93508e-008   59.89757    0.00000    8     1     1
   3    2    7   0.599347    19.925094     3.908322      20.3048   60.07214    0.54822   16     1     1
   5    2    4   0.598900     0.009354    -3.444461      3.44447   60.12158    0.01575   16     1     1
   4    3    5   0.596077    19.737121     3.892794      20.1174   60.43590    0.53094   16     1     1
   5    0    5   0.596077    19.737121     3.892794      20.1174   60.43590    0.26547    8     1     1
   4    2    6   0.593560    19.884164     3.881507      20.2595   60.71907    0.53288   16     1     1
   6    1    1   0.592860    19.551452     3.877327      19.9322   60.79834    0.51431   16     1     1
   6    0    2   0.589337    16.127408     3.851339      16.5809   61.20072    0.17536    8     1     1
   5    1    5   0.588198     0.000000    -0.000001 6.91006e-007   61.33194    0.00000   16     1     1
   5    3    3   0.586132     0.000000    -0.000000 2.57143e-007   61.57163    0.00000   16     1     1
   2    2    8   0.581783    16.739011     3.816601      17.1686   62.08262    0.18214    8     1     1
   6    1    2   0.581719     0.005334    -1.931223      1.93123   62.09026    0.00461   16     1     1
   4    0    7   0.576242     0.000000    -0.000001 6.41008e-007   62.74693    0.00000    8     1     1
   4    4    4   0.575845    20.215026     3.796878      20.5685   62.79512    0.25493    8     1     1
   3    0    8   0.574451     0.008181    -2.940466      2.94048   62.96495    0.00518    8     1     1
   6    2    0   0.573906    22.065702     3.792306      22.3892   63.03161    0.29958    8     1     1
   1    0    9   0.572916    18.384585     3.777062      18.7686   63.15306    0.20963    8     1     1
   6    0    3   0.571421    -0.000000     0.000000 4.94294e-007   63.33747    0.00000    8     1     1
   6    2    1   0.570471    -0.000000     0.000000 1.43823e-015   63.45521    0.00000   16     1     1
   4    1    7   0.569115    18.159311     3.757067      18.5439   63.62406    0.40269   16     1     1
   3    1    8   0.567389    20.140621     3.753728      20.4874   63.84041    0.48789   16     1     1
   5    2    5   0.566313    17.992708     3.742140      18.3777   63.97604    0.39077   16     1     1
   6    1    3   0.564469    17.882744     3.732221      18.2681   64.21011    0.38307   16     1     1
   5    4    1   0.563553    17.828090     3.727272      18.2135   64.32698    0.37928   16     1     1
   5    3    4   0.561877    16.133957     3.713677      16.5558   64.54205    0.31112   16     1     1
   6    2    2   0.560524    14.671131     3.702379      15.1311   64.71681    0.25836   16     1     1
   4    3    6   0.557461     0.009757    -3.447748      3.44776   65.11619    0.01324   16     1     1
   5    0    6   0.557461    -0.009757     3.447748      3.44776   65.11619    0.00662    8     1     1
   5    4    2   0.553957    -0.005074     1.786390       1.7864   65.57952    0.00350   16     1     1
   2    0    9   0.552636    -0.000000     0.000000 3.96619e-007   65.75615    0.00000    8     1     1
   5    1    6   0.551000    16.814409     3.656884      17.2075   65.97614    0.32058   16     1     1
   4    2    7   0.549222    -0.000000     0.000000 2.26633e-015   66.21715    0.00000   16     1     1
   6    0    4   0.548878    18.480011     3.649890       18.837   66.26397    0.19031    8     1     1
   3    2    8   0.547670     0.007781    -2.722014      2.72203   66.42899    0.00791   16     1     1
   2    1    9   0.546340    16.792199     3.630887      17.1803   66.61183    0.31311   16     1     1
   6    2    3   0.545042    -0.000000     0.000000 2.28855e-007   66.79111    0.00000   16     1     1
   6    1    4   0.542708    -0.008462     2.945238      2.94525   67.11635    0.00906   16     1     1
   5    4    3   0.538999    16.345990     3.587781      16.7351   67.64017    0.28766   16     1     1
   6    3    1   0.538202    16.297369     3.583024      16.6866   67.75396    0.28500   16     1     1
   5    3    5   0.534707     0.000000    -0.000000 3.41137e-016   68.25760    0.00000   16     1     1
   5    2    6   0.532888    -0.009280     3.196699      3.19671   68.52290    0.01022   16     1     1
   4    0    8   0.529874    13.928476     3.527023      14.3681   68.96748    0.10184    8     1     1
   6    3    2   0.529825     0.004826    -1.656806      1.65681   68.97472    0.00271   16     1     1
   6    2    4   0.525376    16.935282     3.508592      17.2949   69.64270    0.28928   16     1     1
   4    1    8   0.524317    -0.007401     2.525842      2.52585   69.80385    0.00614   16     1     1
   6    0    5   0.523467    -0.000000     0.000001 5.70531e-007   69.93358    0.00000    8     1     1
   3    0    9   0.523149    15.374877     3.490369      15.7661   69.98243    0.11902    8     1     1
   0    0   10   0.522170    18.169204     3.492538      18.5018   70.13282    0.04080    2     1     1
   5    0    7   0.520250    15.196337     3.471891      15.5879   70.42997    0.11486    8     1     1
   4    3    7   0.520250    15.196337     3.471891      15.5879   70.42997    0.22972   16     1     1
   5    4    4   0.519958     0.008049    -2.734011      2.73402   70.47544    0.00706   16     1     1
   3    3    8   0.518930    16.907112     3.468693      17.2593   70.63574    0.13999    8     1     1
   6    1    5   0.518107    15.064205     3.458097       15.456   70.76480    0.22372   16     1     1
   3    1    9   0.517798    -0.000000     0.000000 7.28551e-016   70.81340    0.00000   16     1     1
   1    0   10   0.516849    -0.003460     1.171188      1.17119   70.96302    0.00064    8     1     1
   6    3    3   0.516693    14.976948     3.448932      15.3689   70.98765    0.21983   16     1     1
   4    4    6   0.516452    15.194335     3.448049      15.5807   71.02583    0.11284    8     1     1
   7    0    1   0.515991    14.933568     3.444358      15.3256   71.09896    0.10896    8     1     1
   5    1    7   0.514987    -0.000000     0.000001 5.30564e-007   71.25866    0.00000   16     1     1
   5    5    0   0.513317    11.768583     3.417941      12.2549   71.52604    0.03442    4     1     1
   7    1    0   0.513317    11.768583     3.417941      12.2549   71.52604    0.06885    8     1     1
   1    1   10   0.511688    11.915872     3.407893      12.3936   71.78909    0.06991    8     1     1
   7    1    1   0.510855     0.000000     0.000000 1.33256e-015   71.92438    0.00000   16     1     1
   4    2    8   0.508638    12.751147     3.390580      13.1942   72.28710    0.15636   16     1     1
   7    0    2   0.508595    -0.004590     1.539353      1.53936   72.29418    0.00106    8     1     1
   5    3    6   0.506304    14.110336     3.379327      14.5094   72.67348    0.18714   16     1     1
   7    1    2   0.503675    16.641566     3.369510      16.9793   73.11407    0.25334   16     1     1
   5    5    2   0.503675    16.641566     3.369510      16.9793   73.11407    0.12667    8     1     1
   6    4    0   0.503349    17.043646     3.368550      17.3733   73.16907    0.13243    8     1     1
   6    2    5   0.502963     0.000000     0.000000   2.014e-015   73.23427    0.00000   16     1     1
   3    2    9   0.502681    14.109695     3.355289      14.5032   73.28219    0.18403   16     1     1
   2    0   10   0.501812    16.709288     3.357289      17.0432   73.42975    0.12659    8     1     1
   6    4    1   0.501026    -0.000000     0.000000 8.53794e-016   73.56383    0.00000   16     1     1
   5    2    7   0.500107    13.950064     3.337527      14.3438   73.72137    0.17799   16     1     1
   6    3    4   0.499848    -0.007656     2.541709      2.54172   73.76601    0.00558   16     1     1
   5    4    5   0.498203    13.831887     3.324266      14.2257   74.05011    0.17363   16     1     1
   2    1   10   0.497084     0.003291    -1.088999        1.089   74.24477    0.00101   16     1     1
   7    0    3   0.496946    13.753829     3.315455      14.1478   74.26897    0.08540    8     1     1
   6    0    6   0.496731    13.956489     3.314600      14.3447   74.30647    0.08771    8     1     1
   7    2    1   0.496320    13.715016     3.311059       14.109   74.37831    0.16940   16     1     1
   6    4    2   0.494247    11.203798     3.289179      11.6766   74.74341    0.11498   16     1     1
   7    1    3   0.492352    -0.000000     0.000001 5.71319e-007   75.08064    0.00000   16     1     1
   6    1    6   0.492144     0.008396    -2.761911      2.76192   75.11800    0.00637   16     1     1
   7    2    2   0.489728    -0.004366     1.431942      1.43195   75.55328    0.00170   16     1     1
   4    0    9   0.488814    -0.000000     0.000000 3.17998e-007   75.71941    0.00000    8     1     1
   5    0    8   0.485368     0.006695    -2.184287       2.1843   76.35326    0.00194    8     1     1
   4    3    8   0.485368    -0.006695     2.184287       2.1843   76.35326    0.00387   16     1     1
   4    1    9   0.484441    12.977208     3.225437       13.372   76.52576    0.14458   16     1     1
   2    2   10   0.483664    15.398024     3.227278      15.7326   76.67110    0.09974    8     1     1
   6    4    3   0.483536    -0.000000     0.000000 6.40787e-016   76.69503    0.00000   16     1     1
   7    0    4   0.481904     0.007282    -2.365322      2.36533   77.00237    0.00224    8     1     1
   5    1    8   0.481086    14.319463     3.205303      14.6738   77.15746    0.17165   16     1     1
   6    3    5   0.480430    12.728121     3.195615      13.1231   77.28236    0.13691   16     1     1
   3    0   10   0.479426    -0.003130     1.013547      1.01355   77.47426    0.00041    8     1     1
   7    2    3   0.479302    12.658106     3.187145      13.0532   77.49812    0.13482   16     1     1
   6    2    6   0.479109    12.847175     3.186316      13.2364   77.53509    0.13852   16     1     1
   5    3    7   0.477939     0.000000     0.000000 3.78599e-016   77.76065    0.00000   16     1     1
   5    5    4   0.477712    11.371907     3.171468      11.8059   77.80449    0.05478    8     1     1
   7    1    4   0.477712    11.371907     3.171468      11.8059   77.80449    0.10955   16     1     1
   7    3    0   0.476603     9.893787     3.158679      10.3858   78.01982    0.04220    8     1     1
   3    1   10   0.475298    10.027223     3.149380      10.5102   78.27494    0.08596   16     1     1
   5    4    6   0.474989    -0.007985     2.571070      2.57108   78.33559    0.00514   16     1     1
   7    3    1   0.474630    -0.000000     0.000000 1.36087e-015   78.40621    0.00000   16     1     1
   4    2    9   0.471994    -0.000000     0.000000 6.81285e-016   78.92928    0.00000   16     1     1
   1    0   11   0.470692    12.124189     3.121251      12.5195   79.19046    0.05985    8     1     1
   6    0    7   0.469861     0.000000    -0.000000 4.43163e-007   79.35805    0.00000    8     1     1
   6    4    4   0.469646    13.205428     3.116682      13.5682   79.40165    0.14000   16     1     1
   5    2    8   0.468889     0.006368    -2.033880      2.03389   79.55539    0.00314   16     1     1
   7    3    2   0.468855    14.150601     3.113608      14.4891   79.56226    0.15914   16     1     1
   6    1    7   0.465973    11.832180     3.084196      12.2275   80.15354    0.11205   16     1     1
   7    2    4   0.465763     0.006926    -2.202718      2.20273   80.19703    0.00363   16     1     1
   7    0    5   0.464432    11.736895     3.071942      12.1323   80.47393    0.05482    8     1     1
   3    2   10   0.463525    -0.002977     0.943950     0.943954   80.66376    0.00066   16     1     1
   6    5    1   0.462906    11.642613     3.059737       12.038   80.79402    0.10730   16     1     1
   7    1    5   0.460676     0.000000    -0.000001 8.86909e-007   81.26679    0.00000   16     1     1
   7    3    3   0.459681    -0.000000     0.000000 4.95386e-007   81.47974    0.00000   16     1     1
   6    3    6   0.459512     0.007595    -2.394864      2.39488   81.51625    0.00419   16     1     1
   2    0   11   0.459250     0.000000     0.000000 7.21645e-016   81.57253    0.00000    8     1     1
   4    4    8   0.457575     9.920061     3.012108      10.3673   81.93495    0.03899    8     1     1
   6    5    2   0.457543     0.003949    -1.241842      1.24185   81.94177    0.00112   16     1     1
   2    1   11   0.455617    11.193421     3.000456      11.5886   82.36310    0.09672   16     1     1
   6    2    7   0.454864    -0.000000     0.000000 1.48033e-015   82.52920    0.00000   16     1     1
   8    0    0   0.453712    13.411083     2.992152      13.7408   82.78470    0.03376    4     1     1
   6    4    5   0.453430     0.000000     0.000000 1.21716e-015   82.84761    0.00000   16     1     1
   4    3    9   0.453223    11.046256     2.980614      11.4413   82.89385    0.09346   16     1     1
   5    0    9   0.453223    11.046256     2.980614      11.4413   82.89385    0.04673    8     1     1
   4    0   10   0.452586    13.149286     2.982168      13.4832   83.03630    0.06475    8     1     1
   8    0    1   0.452009    -0.000000     0.000000 2.05684e-007   83.16580    0.00000    8     1     1
   5    4    7   0.451334    10.930346     2.964835      11.3253   83.31802    0.09095   16     1     1
   5    3    8   0.450472    12.222950     2.961916      12.5767   83.51332    0.11181   16     1     1
   7    2    5   0.449933    10.844458     2.953056      11.2393   83.63590    0.08913   16     1     1
   5    1    9   0.449730    -0.000000     0.000000 3.73671e-016   83.68207    0.00000   16     1     1
   4    1   10   0.449108     0.002832    -0.879547     0.879551   83.82429    0.00054   16     1     1
   6    5    3   0.449006    10.787691     2.945229      11.1825   83.84771    0.08794   16     1     1
   8    1    1   0.448545    10.759455     2.941323      11.1542   83.95358    0.08736   16     1     1
   7    4    1   0.448545    10.759454     2.941323      11.1542   83.95358    0.08736   16     1     1
   7    3    4   0.447698     9.677033     2.930813      10.1111   84.14865    0.07157   16     1     1
   8    0    2   0.447013     8.740990     2.922088      9.21648   84.30736    0.02966    8     1     1
   3    3   10   0.445709     8.518168     2.910474      9.00167   84.61110    0.02817    8     1     1
   7    0    6   0.445455    -0.007224     2.231704      2.23172   84.67075    0.00173    8     1     1
   6    0    8   0.443690     9.163978     2.895582      9.61056   85.08676    0.03189    8     1     1
   7    4    2   0.443661    -0.003756     1.157293       1.1573   85.09354    0.00092   16     1     1
   8    1    2   0.443661     0.003756    -1.157294       1.1573   85.09354    0.00092   16     1     1
   5    5    6   0.442138    10.199935     2.885813      10.6003   85.45648    0.03861    8     1     1
   7    1    6   0.442138    10.199935     2.885813      10.6003   85.45648    0.07721   16     1     1
   3    0   11   0.441905    10.354166     2.884336      10.7484   85.51232    0.03966    8     1     1
   6    1    8   0.440412    -0.005761     1.765979      1.76599   85.87201    0.00213   16     1     1
   8    2    0   0.440166    12.424431     2.876278       12.753   85.93155    0.05552    8     1     1
   5    2    9   0.439719    10.221275     2.865262      10.6153   86.04013    0.07683   16     1     1
   4    2   10   0.439137    12.182481     2.866687      12.5152   86.18183    0.10660   16     1     1
   8    0    3   0.439042     0.000000    -0.000000 2.97125e-007   86.20517    0.00000    8     1     1
   3    1   11   0.438665     0.000000     0.000000 7.07631e-016   86.29714    0.00000   16     1     1
   8    2    1   0.438610    -0.000000     0.000000 2.19092e-007   86.31067    0.00000   16     1     1
   6    3    7   0.437993    10.116570     2.850094      10.5104   86.46213    0.07492   16     1     1
   6    5    4   0.437819    -0.006266     1.912870      1.91288   86.50506    0.00248   16     1     1
   7    4    3   0.435865     9.987658     2.831246      10.3812   86.98936    0.07262   16     1     1
   8    1    3   0.435865     9.987657     2.831246      10.3812   86.98936    0.07262   16     1     1
   6    4    6   0.435720    10.141501     2.830492      10.5291   87.02551    0.07467   16     1     1
   0    0   12   0.435142     7.852264     2.817931      8.34259   87.17011    0.00585    2     1     1
   8    2    2   0.434041     8.083272     2.809064      8.55746   87.44710    0.04908   16     1     1
   7    3    5   0.433585     0.000000    -0.000000 3.85193e-007   87.56227    0.00000   16     1     1
   7    2    6   0.432614    -0.006871     2.080333      2.08034   87.80912    0.00289   16     1     1
   1    0   12   0.432048    -0.001050     0.317595     0.317596   87.95363    0.00003    8     1     1
   6    2    8   0.430996     8.483091     2.783564      8.92811   88.22372    0.05297   16     1     1
   3    2   11   0.429360     9.595566     2.772710      9.98813   88.64800    0.06600   16     1     1
   1    1   12   0.429019    11.594794     2.776321      11.9226   88.73677    0.04698    8     1     1
   8    0    4   0.428565    10.475508     2.768551      10.8352   88.85557    0.03875    8     1     1
   5    4    8   0.427990     0.005479    -1.646367      1.64638   89.00676    0.00179   16     1     1
   6    6    0   0.427764    11.528487     2.764892      11.8554   89.06615    0.02315    4     1     1
   8    2    3   0.426732     0.000000    -0.000000 4.15512e-007   89.33915    0.00000   16     1     1
   7    0    7   0.425769     9.380462     2.739793      9.77239   89.59559    0.03130    8     1     1
   7    4    4   0.425609     0.005959    -1.783400      1.78341   89.63845    0.00208   16     1     1
   8    1    4   0.425609    -0.005959     1.783400      1.78341   89.63845    0.00208   16     1     1
   6    5    5   0.424592     9.310168     2.728908      9.70186   89.91142    0.06153   16     1     1
   5    3    9   0.424422    -0.000000     0.000000 4.58177e-016   89.95731    0.00000   16     1     1
   4    3   10   0.423899     0.002562    -0.764363     0.764368   90.09868    0.00038   16     1     1
   5    0   10   0.423899    -0.002562     0.764363     0.764368   90.09868    0.00019    8     1     1
   8    3    1   0.423425     9.240563     2.718065      9.63202   90.22724    0.06048   16     1     1
   2    0   12   0.423149     7.273872     2.708945      7.76193   90.30248    0.01963    8     1     1
   7    1    7   0.422870    -0.000000     0.000001 6.92745e-007   90.37840    0.00000   16     1     1
   6    6    2   0.422136     7.490959     2.700411      7.96283   90.57918    0.02061    8     1     1
   7    5    0   0.421944     7.193494     2.697653      7.68269   90.63182    0.01917    8     1     1
   5    1   10   0.421038     7.301149     2.689689      7.78082   90.88152    0.03926   16     1     1
   4    0   11   0.420622    -0.000000     0.000000 7.22845e-016   90.99660    0.00000    8     1     1
   7    5    1   0.420573     0.000000     0.000000 8.19054e-016   91.01010    0.00000   16     1     1
   2    1   12   0.420302     0.000999    -0.296131     0.296132   91.08535    0.00006   16     1     1
   8    3    2   0.419310     0.003398    -1.005946      1.00595   91.36210    0.00065   16     1     1
   6    0    9   0.418736    -0.000000     0.000000 2.23418e-007   91.52310    0.00000    8     1     1
   7    3    6   0.418023     8.773469     2.666780      9.16981   91.72394    0.05419   16     1     1
   4    1   11   0.417826     8.908223     2.665404      9.29843   91.77964    0.05570   16     1     1
   6    4    7   0.417245    -0.000000     0.000000   3.314e-016   91.94439    0.00000   16     1     1
   8    2    4   0.417094     9.729951     2.661375      10.0874   91.98726    0.06546   16     1     1
   6    3    8   0.416563    -0.005212     1.535212      1.53522   92.13852    0.00151   16     1     1
   7    5    2   0.416539    10.447690     2.658639      10.7807   92.14528    0.07469   16     1     1
   8    0    5   0.416137    -0.000000     0.000001  6.9365e-007   92.26042    0.00000    8     1     1
   6    1    9   0.415977     8.799078     2.647778      9.18883   92.30634    0.05421   16     1     1
   7    2    7   0.414515     8.713021     2.633761      9.10239   92.72785    0.05305   16     1     1
   7    4    5   0.413429     8.649200     2.623297      9.03827   93.04407    0.05222   16     1     1
   8    1    5   0.413429     8.649201     2.623297      9.03827   93.04407    0.05222   16     1     1
   5    2   10   0.412789    -0.002436     0.712807     0.712811   93.23162    0.00032   16     1     1
   8    3    3   0.412709     8.606993     2.616344      8.99586   93.25494    0.05167   16     1     1
   2    2   12   0.412095     6.752331     2.604173       7.2371   93.43576    0.01670    8     1     1
   7    5    3   0.410067    -0.000000     0.000000 4.98919e-007   94.03934    0.00000   16     1     1
   6    5    6   0.409946     0.006216    -1.808978      1.80899   94.07553    0.00208   16     1     1
   4    2   11   0.409761    -0.000000     0.000000 6.12161e-016   94.13135    0.00000   16     1     1
   3    0   12   0.409465    -0.000950     0.276173     0.276175   94.22032    0.00002    8     1     1
   6    2    9   0.408016    -0.000000     0.000000 6.76747e-016   94.65927    0.00000   16     1     1
   3    1   12   0.406884    10.023554     2.565457      10.3467   95.00568    0.06783   16     1     1
   6    6    4   0.406497     9.051378     2.558348      9.40599   95.12492    0.02802    8     1     1
   7    0    8   0.406005     0.004957    -1.431836      1.43184   95.27670    0.00065    8     1     1
   8    4    0   0.405813     9.969312     2.554895      10.2915   95.33635    0.03352    8     1     1
   8    2    5   0.405611    -0.000000     0.000000 3.23474e-007   95.39904    0.00000   16     1     1
   5    4    9   0.405462     8.184721     2.545307      8.57136   95.44513    0.04648   16     1     1
   4    4   10   0.405006     9.777182     2.546390      10.1033   95.58717    0.03228    8     1     1
   8    4    1   0.404593    -0.000000     0.000000 1.77653e-007   95.71636    0.00000   16     1     1
   8    3    4   0.403971    -0.005391     1.551132      1.55114   95.91137    0.00152   16     1     1
   5    5    8   0.403489     9.087638     2.529186      9.43302   96.06336    0.02810    8     1     1
   7    1    8   0.403489     9.087638     2.529186      9.43302   96.06336    0.05621   16     1     1
   8    0    6   0.402321     8.135244     2.514405      8.51495   96.43403    0.02288    8     1     1
   9    0    1   0.402102     7.990819     2.511754      8.37628   96.50364    0.02214    8     1     1
   7    3    7   0.401627    -0.000000     0.000000 3.01288e-007   96.65580    0.00000   16     1     1
   7    5    4   0.401492     7.176614     2.502898      7.60054   96.69895    0.03644   16     1     1
   8    4    2   0.400998     6.472208     2.495549      6.93666   96.85797    0.03035   16     1     1
   9    1    0   0.400833     6.213933     2.493019      6.69538   96.91099    0.01413    8     1     1
   5    3   10   0.400056     6.309821     2.485649      6.78176   97.16257    0.02899   16     1     1
   7    4    6   0.399872    -0.005912     1.687345      1.68736   97.22243    0.00179   16     1     1
   8    1    6   0.399872     0.005912    -1.687345      1.68736   97.22243    0.00179   16     1     1
   9    1    1   0.399658     0.000000    -0.000000 3.43161e-007   97.29216    0.00000   16     1     1
   3    2   12   0.399425    -0.000903     0.257606     0.257607   97.36802    0.00004   16     1     1
   1    0   13   0.399232     7.826174     2.482780      8.21055   97.43096    0.02124    8     1     1
   6    4    8   0.398594     6.807473     2.472843       7.2427   97.64029    0.03305   16     1     1
   9    0    2   0.398573    -0.003074     0.875105     0.875111   97.64710    0.00024    8     1     1
   4    3   11   0.397298     7.715746     2.463090      8.09935   98.06843    0.04132   16     1     1
   5    0   11   0.397298     7.715746     2.463090      8.09935   98.06843    0.02066    8     1     1
   7    2    8   0.396212     0.004715    -1.335643      1.33565   98.43086    0.00112   16     1     1
   9    1    2   0.396191     9.058218     2.456732      9.38546   98.43768    0.05549   16     1     1
   6    3    9   0.395707     7.625271     2.446802      8.00822   98.60042    0.04040   16     1     1
   6    0   10   0.395283     9.111328     2.447786       9.4344   98.74343    0.02804    8     1     1
   8    4    3   0.395213     0.000000    -0.000000  4.4948e-007   98.76699    0.00000   16     1     1
   5    1   11   0.394939     0.000000     0.000000 5.06614e-016   98.85986    0.00000   16     1     1
   6    5    7   0.394448     7.553886     2.433849       7.9363   99.02655    0.03968   16     1     1
   8    3    5   0.393512     7.500918     2.424179      7.88292   99.34648    0.03916   16     1     1
   6    1   10   0.392960     0.002204    -0.620217     0.620221   99.53631    0.00024   16     1     1
   9    0    3   0.392891     7.465875     2.417754       7.8476   99.55993    0.01941    8     1     1
   8    2    6   0.392785     7.582904     2.417091      7.95882   99.59654    0.03993   16     1     1
   7    6    1   0.392582     7.448433     2.414547      7.83002   99.66670    0.03865   16     1     1
   9    2    1   0.392582     7.448432     2.414547      7.83002   99.66670    0.03865   16     1     1
   4    0   12   0.392361     5.853517     2.406627      6.32894   99.74303    0.01263    8     1     1
   2    0   13   0.392179    -0.000000     0.000000 5.28086e-016   99.80637    0.00000    8     1     1
   7    5    5   0.391219     0.000000    -0.000000 2.91449e-007  100.14075    0.00000   16     1     1
   9    1    3   0.390610    -0.000000     0.000000 3.25611e-007  100.35471    0.00000   16     1     1
   4    1   12   0.390089     0.000859    -0.240323     0.240324  100.53826    0.00004   16     1     1
   2    1   13   0.389909     7.298170     2.386694      7.67852  100.60176    0.03723   16     1     1
   7    6    2   0.389295    -0.002924     0.816407     0.816412  100.81983    0.00042   16     1     1
   9    2    2   0.389295    -0.002924     0.816407     0.816412  100.81983    0.00042   16     1     1
   5    2   11   0.388107     7.197334     2.367767       7.5768  101.24507    0.03630   16     1     1
   3    3   12   0.387856     8.711848     2.370612      9.02863  101.33556    0.02578    8     1     1
   8    0    7   0.387641     0.000000    -0.000001 5.42968e-007  101.41300    0.00000    8     1     1
   8    4    4   0.387520     7.866662     2.364106      8.21422  101.45672    0.04269   16     1     1
   7    0    9   0.386623     7.114686     2.352109      7.49341  101.78225    0.01778    8     1     1
   6    2   10   0.386228     8.501596     2.353001      8.82121  101.92671    0.04931   16     1     1
   8    1    7   0.385449     7.049453     2.339657      7.42757  102.21275    0.03500   16     1     1
   7    4    7   0.385449     7.049453     2.339657      7.42757  102.21275    0.03500   16     1     1
   9    0    4   0.385330     0.004877    -1.349999      1.35001  102.25660    0.00058    8     1     1
   7    3    8   0.384912     7.904756     2.337143      8.24302  102.41133    0.04313   16     1     1
   7    1    9   0.384449    -0.000000     0.000000 1.23436e-015  102.58309    0.00000   16     1     1
   5    4   10   0.384060    -0.002096     0.578664     0.578668  102.72799    0.00021   16     1     1
   7    6    3   0.383996     6.969002     2.324185      7.34635  102.75186    0.03431   16     1     1
   9    2    3   0.383996     6.969002     2.324185      7.34635  102.75186    0.03431   16     1     1
   6    6    6   0.383897     7.078303     2.323543      7.44991  102.78888    0.01764    8     1     1
   8    5    1   0.383707     6.953055     2.321103      7.33024  102.85982    0.03417   16     1     1
   4    2   12   0.383501     5.465211     2.313546      5.93473  102.93701    0.02241   16     1     1
   9    1    4   0.383177     6.245639     2.312971      6.66017  103.05891    0.02823   16     1     1
   9    3    0   0.382604     5.409055     2.303905      5.87927  103.27514    0.01101    8     1     1
   8    3    6   0.381767     0.005349    -1.468726      1.46874  103.59291    0.00138   16     1     1
   9    3    1   0.381581     0.000000    -0.000000 2.98702e-007  103.66408    0.00000   16     1     1
   3    0   13   0.381211     6.815620     2.294327      7.19143  103.80580    0.01652    8     1     1
   8    5    2   0.380637     0.002781    -0.761752     0.761757  104.02654    0.00037   16     1     1
   6    4    9   0.380207    -0.000000     0.000000 5.71059e-016  104.19249    0.00000   16     1     1
   7    5    6   0.379673     6.620542     2.277325      7.00127  104.39967    0.03141   16     1     1
   3    1   13   0.379126     0.000000     0.000000 3.47569e-016  104.61331    0.00000   16     1     1
   8    2    7   0.379090     0.000000    -0.000000 2.53316e-007  104.62727    0.00000   16     1     1
   6    5    8   0.378579    -0.004265     1.162717      1.16272  104.82787    0.00087   16     1     1
   9    3    2   0.378561     7.894169     2.270161      8.21411  104.83485    0.04335   16     1     1
   8    4    5   0.378258    -0.000000     0.000000  2.6268e-007  104.95391    0.00000   16     1     1
   7    2    9   0.378138     6.647681     2.261080      7.02169  105.00141    0.03171   16     1     1
   5    3   11   0.377468    -0.000000     0.000000 5.28496e-016  105.26706    0.00000   16     1     1
   7    6    4   0.376928     0.004639    -1.259699      1.25971  105.48228    0.00102   16     1     1
   9    2    4   0.376928     0.004639    -1.259699      1.25971  105.48228    0.00102   16     1     1
   9    0    5   0.376221     6.543596     2.240174      6.91643  105.76572    0.01546    8     1     1
   6    3   10   0.375739     0.001994    -0.539969     0.539972  105.96040    0.00019   16     1     1
   8    5    3   0.375679     6.514245     2.234237      6.88674  105.98462    0.03070   16     1     1
   9    1    5   0.374216     0.000000    -0.000001 5.07505e-007  106.58079    0.00000   16     1     1
   9    3    3   0.373682    -0.000000     0.000000 2.83501e-007  106.80060    0.00000   16     1     1
   6    0   11   0.373451    -0.000000     0.000000 5.92859e-016  106.89649    0.00000    8     1     1
   5    0   12   0.373227    -0.000777     0.209246     0.209247  106.98925    0.00001    8     1     1
   4    3   12   0.373227     0.000777    -0.209246     0.209247  106.98925    0.00003   16     1     1
   3    2   13   0.373069     6.373667     2.205535      6.74448  107.05454    0.02968   16     1     1
   0    0   14   0.372979     7.412349     2.208411      7.73434  107.09230    0.00488    2     1     1
   8    0    8   0.372548     5.547865     2.196805      5.96697  107.27172    0.01164    8     1     1
   6    1   11   0.371489     6.289046     2.188044       6.6588  107.71642    0.02909   16     1     1
   5    1   12   0.371269     7.608238     2.190567      7.91731  107.80960    0.04115   16     1     1
   1    0   14   0.371025     0.003243    -0.868248     0.868254  107.91312    0.00025    8     1     1
   7    4    8   0.370601     0.004057    -1.085058      1.08507  108.09335    0.00077   16     1     1
   8    1    8   0.370601    -0.004057     1.085058      1.08507  108.09335    0.00077   16     1     1
   8    3    7   0.369157     6.164815     2.162068      6.53295  108.71388    0.02825   16     1     1
   1    1   14   0.369102     5.153756     2.157669      5.58719  108.73775    0.01033    8     1     1
   8    5    4   0.369052    -0.004412     1.175593       1.1756  108.75913    0.00092   16     1     1
   7    6    5   0.368389     6.124108     2.153478       6.4917  109.04767    0.02798   16     1     1
   9    2    5   0.368389     6.124108     2.153478       6.4917  109.04767    0.02798   16     1     1
   7    3    9   0.368278    -0.000000     0.000000 1.03573e-015  109.09622    0.00000   16     1     1
   7    0   10   0.367936    -0.001897     0.503926      0.50393  109.24589    0.00008    8     1     1
   8    4    6   0.367792     6.192510     2.147169       6.5542  109.30881    0.02859   16     1     1
   9    4    1   0.367626     6.083746     2.144922      6.45079  109.38212    0.02772   16     1     1
   4    0   13   0.367295     0.000000     0.000000 3.60822e-016  109.52812    0.00000    8     1     1
   7    5    7   0.367262    -0.000000     0.000000 2.28374e-007  109.54244    0.00000   16     1     1
   9    3    4   0.367159     5.468545     2.137456      5.87143  109.58792    0.02301   16     1     1
   7    7    0   0.366655     4.740892     2.129135      5.19704  109.81156    0.00452    4     1     1
   5    5   10   0.366060     4.815986     2.122824      5.26309  110.07717    0.00929    8     1     1
   7    1   10   0.366060     4.815986     2.122824      5.26309  110.07717    0.01858   16     1     1
   9    0    6   0.365919    -0.004839     1.279120      1.27913  110.14042    0.00055    8     1     1
   6    2   11   0.365787    -0.000000     0.000000 6.07859e-016  110.19972    0.00000   16     1     1
   5    2   12   0.365576    -0.000739     0.195287     0.195288  110.29431    0.00003   16     1     1
   4    1   13   0.365428     5.968053     2.120179      6.33347  110.36087    0.02699   16     1     1
   2    0   14   0.365343     6.937517     2.122904      7.25506  110.39939    0.01771    8     1     1
   8    2    8   0.364938     5.197739     2.111817      5.61037  110.58238    0.02123   16     1     1
   9    4    2   0.364923    -0.002516     0.663436     0.663441  110.58959    0.00030   16     1     1
   9    1    6   0.364073     5.800531     2.104475      6.17049  110.97647    0.02579   16     1     1
   5    4   11   0.363943     5.890294     2.103365      6.25457  111.03611    0.02651   16     1     1
   2    1   14   0.363506    -0.003084     0.810354      0.81036  111.23688    0.00045   16     1     1
   7    7    2   0.363092     6.911531     2.097760      7.22287  111.42814    0.01775    8     1     1
   8    6    0   0.362970     7.087415     2.097067      7.39115  111.48470    0.01860    8     1     1
  10    0    0   0.362970     7.087415     2.097067      7.39115  111.48470    0.00930    4     1     1
   6    5    9   0.362719     5.826487     2.089456      6.18981  111.60114    0.02613   16     1     1
   6    4   10   0.362393     6.954567     2.090107      7.26186  111.75328    0.03603   16     1     1
  10    0    1   0.362096    -0.000000     0.000000 2.35619e-007  111.89176    0.00000    8     1     1
   8    6    1   0.362096    -0.000000     0.000000 1.25663e-007  111.89176    0.00000   16     1     1
   8    5    5   0.361026     5.738639     2.070137      6.10061  112.39593    0.02562   16     1     1
   7    2   10   0.360600    -0.001804     0.470348     0.470352  112.59862    0.00015   16     1     1
   9    4    3   0.360547     5.713852     2.064650      6.07543  112.62385    0.02548   16     1     1
  10    1    1   0.360308     5.701510     2.061912       6.0629  112.73794    0.02541   16     1     1
   4    4   12   0.360137     4.492575     2.055349      4.94041  112.81955    0.00845    8     1     1
   4    2   13   0.359996     0.000000     0.000000 4.16348e-016  112.88728    0.00000   16     1     1
  10    0    2   0.359512     4.630957     2.048825      5.06394  113.12006    0.00891    8     1     1
   8    6    2   0.359512     4.630957     2.048825      5.06394  113.12006    0.01781   16     1     1
   9    3    5   0.359253     0.000000    -0.000000 2.21046e-007  113.24522    0.00000   16     1     1
   7    6    6   0.358700    -0.004602     1.193929      1.19394  113.51394    0.00100   16     1     1
   9    2    6   0.358700    -0.004602     1.193929      1.19394  113.51394    0.00100   16     1     1
   2    2   14   0.358158     6.500000     2.040709      6.81282  113.77914    0.01626    8     1     1
   6    6    8   0.357777     4.876345     2.030117      5.28206  113.96659    0.00980    8     1     1
  10    1    2   0.357762     0.002393    -0.619261     0.619265  113.97398    0.00027   16     1     1
   8    0    9   0.357405    -0.000000     0.000000 2.75087e-007  114.15024    0.00000    8     1     1
   6    3   11   0.356839     5.523442     2.021964       5.8819  114.43158    0.02445   16     1     1
   5    3   12   0.356643     6.672997     2.024198      6.97325  114.52908    0.03441   16     1     1
   8    4    7   0.356477     0.000000    -0.000000 2.05946e-007  114.61257    0.00000   16     1     1
   3    0   14   0.356427     0.002934    -0.756414      0.75642  114.63743    0.00020    8     1     1
   8    3    8   0.356051    -0.003670     0.945310     0.945317  114.82615    0.00063   16     1     1
  10    2    0   0.355921     6.641518     2.015860      6.94071  114.89160    0.01713    8     1     1
   7    4    9   0.355685     5.464671     2.008592      5.82212  115.01106    0.02414   16     1     1
   8    1    9   0.355685     5.464671     2.008592      5.82212  115.01106    0.02414   16     1     1
   8    6    3   0.355326     0.000000    -0.000000 3.18145e-007  115.19290    0.00000   16     1     1
  10    0    3   0.355326     0.000000    -0.000000 4.77218e-007  115.19290    0.00000    8     1     1
  10    2    1   0.355097    -0.000000     0.000000 2.34603e-007  115.30929    0.00000   16     1     1
   9    0    7   0.354770     5.418228     1.997959      5.77486  115.47662    0.01196    8     1     1
   3    1   14   0.354721     4.537414     1.993967      4.95621  115.50166    0.01762   16     1     1
   9    4    4   0.354677     0.003992    -1.024236      1.02424  115.52410    0.00075   16     1     1
   7    5    8   0.354350     6.068534     1.995698      6.38826  115.69172    0.02935   16     1     1
  10    1    3   0.353636     5.360880     1.984746      5.71649  116.06112    0.02363   16     1     1
   6    0   12   0.353249     4.221078     1.975852      4.66063  116.26223    0.00788    8     1     1
   9    1    7   0.353087    -0.000000     0.000000 3.97965e-007  116.34692    0.00000   16     1     1
   7    7    4   0.352996     4.814044     1.975258      5.20352  116.39475    0.00984    8     1     1
  10    2    2   0.352659     4.350619     1.969575      4.77568  116.57118    0.01662   16     1     1
   9    5    0   0.352548     4.180627     1.967620      4.62052  116.63005    0.00778    8     1     1
   7    3   10   0.352018     4.246749     1.961781      4.67798  116.90970    0.01602   16     1     1
   8    5    6   0.351893     0.004377    -1.114548      1.11456  116.97632    0.00091   16     1     1
   9    5    1   0.351747     0.000000    -0.000000 2.26674e-007  117.05397    0.00000   16     1     1
   6    1   12   0.351588     0.000669    -0.170163     0.170164  117.13848    0.00002   16     1     1
   4    3   13   0.351457     5.251329     1.959250      5.60492  117.20865    0.02311   16     1     1
   5    0   13   0.351457     5.251329     1.959250      5.60492  117.20865    0.01155    8     1     1
   8    2    9   0.350670    -0.000000     0.000000 1.28402e-007  117.63135    0.00000   16     1     1
   9    3    6   0.350251     5.106917     1.944745      5.46467  117.85819    0.02219   16     1     1
   7    0   11   0.350135     5.185283     1.943712      5.53761  117.92118    0.01140    8     1     1
   5    1   13   0.349821    -0.000000     0.000000 7.91102e-016  118.09239    0.00000   16     1     1
   3    2   14   0.349746     0.002790    -0.706150     0.706156  118.13332    0.00037   16     1     1
   8    6    4   0.349704     5.661005     1.940599      5.98439  118.15629    0.02674   16     1     1
  10    0    4   0.349704     5.661005     1.940599      5.98439  118.15629    0.01337    8     1     1
   9    5    2   0.349377     6.076167     1.938453      6.37788  118.33554    0.03046   16     1     1
  10    2    3   0.348706     0.000000    -0.000001 5.19768e-007  118.70612    0.00000   16     1     1
   7    1   11   0.348517    -0.000000     0.000000 4.52799e-016  118.81081    0.00000   16     1     1
   7    6    7   0.348180     5.088177     1.920637       5.4386  118.99890    0.02239   16     1     1
   9    2    7   0.348180     5.088177     1.920637       5.4386  118.99890    0.02239   16     1     1
  10    1    4   0.348092    -0.003797     0.956206     0.956213  119.04791    0.00069   16     1     1
   9    4    5   0.347535     5.056322     1.913006      5.40611  119.36063    0.02226   16     1     1
   6    5   10   0.347155     0.001632    -0.409906     0.409909  119.57572    0.00013   16     1     1
  10    3    1   0.346894     5.024720     1.905405      5.37386  119.72365    0.02213   16     1     1
   6    2   12   0.346742     3.971299     1.899430      4.40216  119.81032    0.01487   16     1     1
   1    0   15   0.346523     5.006467     1.901002      5.35523  119.93522    0.01103    8     1     1
   9    5    3   0.345531    -0.000000     0.000000 2.86988e-007  120.50691    0.00000   16     1     1
   6    4   11   0.345348    -0.000000     0.000000 4.73249e-016  120.61349    0.00000   16     1     1
   5    4   12   0.345171    -0.000636     0.158869      0.15887  120.71665    0.00002   16     1     1
   5    2   13   0.345046     4.934026     1.883425      5.28128  120.78929    0.02177   16     1     1
   4    0   14   0.344974     5.722842     1.885743      6.02553  120.83132    0.01418    8     1     1
   8    4    8   0.344634     4.308083     1.876075      4.69885  121.03115    0.01730   16     1     1
  10    3    2   0.344620     0.002165    -0.539735      0.53974  121.03903    0.00023   16     1     1
   7    2   11   0.343795     4.872986     1.868489      5.21893  121.52742    0.02154   16     1     1
   4    1   14   0.343427    -0.002654     0.659306     0.659312  121.74737    0.00035   16     1     1
  10    2    4   0.343387     5.317349     1.865477      5.63509  121.77119    0.02522   16     1     1
   9    0    8   0.343091     0.003320    -0.823963      0.82397  121.94916    0.00027    8     1     1
   8    6    5   0.342852    -0.000000     0.000000 1.86154e-007  122.09283    0.00000   16     1     1
  10    0    5   0.342852    -0.000000     0.000000 3.72307e-007  122.09283    0.00000    8     1     1
   8    3    9   0.342763     4.822844     1.856133      5.16769  122.14701    0.02136   16     1     1
   8    0   10   0.342487     5.741170     1.856589       6.0339  122.31414    0.01460    8     1     1
   8    5    7   0.341944     4.783199     1.846306      5.12717  122.64573    0.02122   16     1     1
   3    3   14   0.341900     4.015461     1.842684      4.41808  122.67257    0.00788    8     1     1
   2    0   15   0.341881    -0.000000     0.000000 2.68025e-016  122.68420    0.00000    8     1     1
   9    1    8   0.341568     5.350437     1.844166      5.65934  122.87644    0.02596   16     1     1
  10    1    5   0.341333     4.753734     1.838971      5.09704  123.02159    0.02112   16     1     1
   7    5    9   0.341245    -0.000000     0.000000 7.40156e-016  123.07634    0.00000   16     1     1
   7    4   10   0.340973    -0.001552     0.382732     0.382736  123.24522    0.00012   16     1     1
   8    1   10   0.340973     0.001552    -0.382733     0.382736  123.24522    0.00012   16     1     1
  10    3    3   0.340928     4.734217     1.834097      5.07708  123.27307    0.02105   16     1     1
   8    7    1   0.340726     4.724498     1.831665      5.06714  123.39907    0.02102   16     1     1
   9    3    7   0.340436    -0.000000     0.000000 1.73458e-007  123.58032    0.00000   16     1     1
   2    1   15   0.340374     4.707610     1.827432      5.04986  123.61920    0.02097   16     1     1
   9    5    4   0.340354     4.258081     1.825368      4.63284  123.63178    0.01765   16     1     1
   9    4    6   0.339365    -0.003960     0.971621     0.971629  124.25815    0.00079   16     1     1
   6    3   12   0.339092     0.000605    -0.148343     0.148345  124.43305    0.00002   16     1     1
   4    2   14   0.338906     5.377148     1.812731      5.67448  124.55259    0.02696   16     1     1
   8    7    2   0.338570     0.002059    -0.503980     0.503984  124.76919    0.00021   16     1     1
   7    7    6   0.337892     4.515639     1.797138      4.86011  125.21071    0.01002    8     1     1
   5    3   13   0.337506    -0.000000     0.000000 6.30065e-016  125.46425    0.00000   16     1     1
   7    6    8   0.337119     0.003158    -0.769401     0.769407  125.71944    0.00051   16     1     1
   9    2    8   0.337119     0.003158    -0.769401     0.769407  125.71944    0.00051   16     1     1
  10    4    0   0.337009     5.495189     1.790629      5.77957  125.79262    0.01434    8     1     1
  10    2    5   0.336893    -0.000000     0.000000 1.73828e-007  125.86961    0.00000   16     1     1
   8    2   10   0.336547     5.395237     1.784699      5.68276  126.10104    0.02790   16     1     1
   7    3   11   0.336334    -0.000000     0.000000  6.4796e-016  126.24357    0.00000   16     1     1
  10    4    1   0.336309    -0.000000     0.000000 1.90957e-007  126.26031    0.00000   16     1     1
  10    3    4   0.335952    -0.003435     0.833701     0.833708  126.50130    0.00061   16     1     1
   8    7    3   0.335067     4.455497     1.763116      4.79166  127.10517    0.02026   16     1     1
   8    6    6   0.335001     4.523295     1.762607      4.85458  127.15045    0.02081   16     1     1
  10    0    6   0.335001     4.523296     1.762607      4.85458  127.15045    0.01041    8     1     1
   9    6    1   0.334875     4.446487     1.760778      4.78242  127.23729    0.02023   16     1     1
   6    0   13   0.334625    -0.000000     0.000000 3.83841e-016  127.41039    0.00000    8     1     1
   3    0   15   0.334541     4.430835     1.756709      4.76637  127.46819    0.01010    8     1     1
  10    4    2   0.334236     3.634162     1.749743      4.03345  127.68063    0.01453   16     1     1
   9    5    5   0.334028     0.000000    -0.000000 1.67982e-007  127.82616    0.00000   16     1     1
  10    1    6   0.333583     0.003767    -0.907348     0.907355  128.13909    0.00074   16     1     1
   7    0   12   0.333324    -0.000576     0.138531     0.138532  128.32293    0.00001    8     1     1
   6    1   13   0.333212     4.368679     1.740466      4.70261  128.40254    0.02006   16     1     1
   3    1   15   0.333129    -0.000000     0.000000 5.03536e-016  128.46111    0.00000   16     1     1
   9    6    2   0.332828    -0.001959     0.470649     0.470653  128.67647    0.00020   16     1     1
   8    4    9   0.332541    -0.000000     0.000000 1.04538e-007  128.88293    0.00000   16     1     1
